0 0.119718 0.672535 0.092332 0.138498
0 0.119718 0.835681 0.092332 0.131455
0 0.161972 0.240610 0.082942 0.143192
0 0.128326 0.510563 0.081377 0.124413
0 0.145540 0.362676 0.075117 0.124413
0 0.826291 0.813380 0.093897 0.133803
0 0.737089 0.368545 0.278560 0.737089
0 0.528951 0.296948 0.062598 0.091549
0 0.515649 0.484742 0.070423 0.119718
0 0.513302 0.664319 0.087637 0.131455
0 0.351330 0.807512 0.261346 0.169014
0 0.235524 0.681925 0.076682 0.115023
0 0.366980 0.615023 0.107981 0.150235
0 0.369327 0.443662 0.084507 0.126761
0 0.252739 0.516432 0.061033 0.103286
0 0.236307 0.376761 0.037559 0.063380
0 0.252739 0.314554 0.054773 0.112676
0 0.306729 0.311033 0.037559 0.053991
0 0.366197 0.327465 0.040689 0.096244
0 0.454617 0.323944 0.042254 0.098592
0 0.339593 0.181925 0.228482 0.185446
0 0.056338 0.474178 0.112676 0.624413
