0 0.197966 0.463615 0.320814 0.697183
0 0.473396 0.220657 0.061033 0.150235
0 0.496088 0.400235 0.037559 0.124413
0 0.478873 0.563380 0.053208 0.122066
0 0.481221 0.723005 0.045383 0.122066
0 0.503130 0.915493 0.205008 0.131455
0 0.557121 0.728873 0.043818 0.100939
0 0.651800 0.739437 0.064163 0.126761
0 0.580595 0.366197 0.034429 0.122066
0 0.568858 0.205399 0.032864 0.143192
0 0.690141 0.191315 0.037559 0.124413
0 0.697183 0.316901 0.045383 0.159624
0 0.816119 0.174883 0.067293 0.138498
0 0.806729 0.323944 0.079812 0.173709
0 0.802034 0.444836 0.042254 0.082160
0 0.780125 0.611502 0.048513 0.124413
0 0.705790 0.515258 0.081377 0.190141
0 0.780908 0.732394 0.071987 0.126761
0 0.669797 0.899061 0.053208 0.103286
0 0.798122 0.903756 0.053208 0.117371
0 0.941315 0.926056 0.098592 0.077465
0 0.905321 0.502347 0.133020 0.436620
0 0.959311 0.171362 0.071987 0.107981
