0 0.081377 0.555164 0.162754 0.255869
0 0.223787 0.541080 0.128326 0.279343
0 0.377934 0.551643 0.161189 0.258216
0 0.377152 0.193662 0.065728 0.100939
0 0.462441 0.200704 0.064163 0.091549
0 0.240219 0.192488 0.070423 0.126761
0 0.118153 0.225352 0.061033 0.070423
0 0.018779 0.238263 0.037559 0.082160
0 0.035994 0.902582 0.071987 0.096244
0 0.158059 0.909624 0.081377 0.072770
0 0.259781 0.890845 0.084507 0.100939
0 0.352895 0.884977 0.061033 0.089202
0 0.431142 0.887324 0.061033 0.061033
0 0.549296 0.565728 0.059468 0.159624
0 0.629108 0.548122 0.040689 0.124413
0 0.690141 0.548122 0.053208 0.138498
0 0.749609 0.530516 0.037559 0.126761
0 0.675274 0.179577 0.245696 0.251174
0 0.681534 0.881455 0.264476 0.199531
0 0.885759 0.470657 0.225352 0.772300
