0 0.806748 0.591448 0.373098 0.581814
0 0.115843 0.443115 0.068273 0.100809
0 0.498433 0.343897 0.147335 0.157277
0 0.708464 0.308685 0.269592 0.293427
0 0.521944 0.551643 0.231975 0.380282
0 0.378527 0.531690 0.108150 0.265258
0 0.368339 0.360329 0.122257 0.157277
0 0.289969 0.512911 0.072100 0.227700
0 0.229624 0.462441 0.051724 0.159624
0 0.266458 0.360329 0.084639 0.119718
0 0.216301 0.361502 0.037618 0.103286
0 0.173981 0.382629 0.028213 0.098592
0 0.181034 0.477700 0.023511 0.091549
0 0.155172 0.464789 0.021944 0.093897
0 0.145768 0.422535 0.087774 0.183099
